v Input.txt
The input file (hex): a1e2f325167a434aef
The polynomial that was used (bin): 1 0000 1001 1000 1101
The 16-bit CRC observed at the end of the file: 4AEF (hex) = 0100101011101111 (bin)

The input file (bin): 

1010 0001 1110 0010 1111 0011 0010 0101 0001 0110 0111 1010 0100 0011 0100 1010 
1110 1111

The binary string answer at each XOR step of CRC verification: 

0010 0101 0010 0100 0111 0011 0010 0101 0001 0110 0111 1010 0100 0011 0100 1010 1110 1111

0000 0100 0001 0101 1101 0011 0010 0101 0001 0110 0111 1010 0100 0011 0100 1010 1110 1111

0000 0000 0011 0011 1110 0111 0010 0101 0001 0110 0111 1010 0100 0011 0100 1010 1110 1111

0000 0000 0001 0010 1101 0110 1000 0101 0001 0110 0111 1010 0100 0011 0100 1010 1110 1111

0000 0000 0000 0010 0100 1110 0101 0101 0001 0110 0111 1010 0100 0011 0100 1010 1110 1111

0000 0000 0000 0000 0101 1101 0100 1111 0001 0110 0111 1010 0100 0011 0100 1010 1110 1111

0000 0000 0000 0000 0001 1111 0010 1100 0101 0110 0111 1010 0100 0011 0100 1010 1110 1111

0000 0000 0000 0000 0000 1111 1011 0100 1000 0110 0111 1010 0100 0011 0100 1010 1110 1111

0000 0000 0000 0000 0000 0111 1111 1000 1110 1110 0111 1010 0100 0011 0100 1010 1110 1111

0000 0000 0000 0000 0000 0011 1101 1110 1101 1010 0111 1010 0100 0011 0100 1010 1110 1111

0000 0000 0000 0000 0000 0001 1100 1101 1100 0000 0111 1010 0100 0011 0100 1010 1110 1111

0000 0000 0000 0000 0000 0000 1100 0100 0100 1101 0111 1010 0100 0011 0100 1010 1110 1111

0000 0000 0000 0000 0000 0000 0100 0000 1000 1011 1111 1010 0100 0011 0100 1010 1110 1111

0000 0000 0000 0000 0000 0000 0000 0010 1110 1000 1011 1010 0100 0011 0100 1010 1110 1111

0000 0000 0000 0000 0000 0000 0000 0000 1111 1011 1010 0000 0100 0011 0100 1010 1110 1111

0000 0000 0000 0000 0000 0000 0000 0000 0111 1111 0110 0110 1100 0011 0100 1010 1110 1111

0000 0000 0000 0000 0000 0000 0000 0000 0011 1101 0000 0101 1000 0011 0100 1010 1110 1111

0000 0000 0000 0000 0000 0000 0000 0000 0001 1100 0011 0100 0010 0011 0100 1010 1110 1111

0000 0000 0000 0000 0000 0000 0000 0000 0000 1100 1010 1100 1111 0011 0100 1010 1110 1111

0000 0000 0000 0000 0000 0000 0000 0000 0000 0100 1110 0000 1001 1011 0100 1010 1110 1111

0000 0000 0000 0000 0000 0000 0000 0000 0000 0000 1100 0110 1010 1111 0100 1010 1110 1111

0000 0000 0000 0000 0000 0000 0000 0000 0000 0000 0100 0010 0110 1001 1100 1010 1110 1111

0000 0000 0000 0000 0000 0000 0000 0000 0000 0000 0000 0000 0000 1010 1000 1010 1110 1111

0000 0000 0000 0000 0000 0000 0000 0000 0000 0000 0000 0000 0000 0010 1100 0110 1000 0111

0000 0000 0000 0000 0000 0000 0000 0000 0000 0000 0000 0000 0000 0000 1101 0101 1001 1101

0000 0000 0000 0000 0000 0000 0000 0000 0000 0000 0000 0000 0000 0000 0101 0001 0101 1011


The computed CRC for this file is 0101000101011011 (bin) = 515B (hex)
Did the CRC check pass? (Yes or No): No